p1	p2	value
0	0	0
0	1	5536
0	2	3498
0	3	3859
0	4	4696
0	5	5749
0	6	5728
0	7	5984
0	8	5569
0	9	6036
0	10	6393
0	11	7115
0	12	7211
0	13	6710
0	14	6963
0	15	7852
0	16	7666
0	17	6815
0	18	2386
0	19	2273
0	20	3217
0	21	2824
0	22	4999
0	23	4917
0	24	4855
0	25	2960
0	26	1805
0	27	834
0	28	1509
0	29	1276
0	30	1414
1	0	5536
1	1	0
1	2	4126
1	3	4272
1	4	5564
1	5	6017
1	6	6510
1	7	7047
1	8	6030
1	9	6223
1	10	6597
1	11	6641
1	12	5360
1	13	6008
1	14	5292
1	15	7392
1	16	6894
1	17	7081
1	18	2580
1	19	2826
1	20	3709
1	21	3631
1	22	3812
1	23	4183
1	24	4134
1	25	2209
1	26	1912
1	27	855
1	28	2112
1	29	1362
1	30	1482
2	0	3498
2	1	4126
2	2	0
2	3	4297
2	4	5097
2	5	4662
2	6	6086
2	7	6247
2	8	6482
2	9	5120
2	10	4920
2	11	5328
2	12	3718
2	13	4840
2	14	4127
2	15	6268
2	16	5901
2	17	6861
2	18	3169
2	19	4809
2	20	2985
2	21	4584
2	22	2099
2	23	2275
2	24	2314
2	25	1205
2	26	2182
2	27	732
2	28	1394
2	29	1326
2	30	1040
3	0	3859
3	1	4272
3	2	4297
3	3	0
3	4	4785
3	5	5367
3	6	7018
3	7	6722
3	8	6510
3	9	5841
3	10	5708
3	11	5437
3	12	4429
3	13	4869
3	14	5392
3	15	7105
3	16	6116
3	17	7708
3	18	2829
3	19	2952
3	20	2740
3	21	3796
3	22	2313
3	23	2497
3	24	2463
3	25	1365
3	26	2324
3	27	776
3	28	1230
3	29	1373
3	30	1038
4	0	4696
4	1	5564
4	2	5097
4	3	4785
4	4	0
4	5	6055
4	6	8115
4	7	8667
4	8	7492
4	9	7025
4	10	7198
4	11	7060
4	12	5855
4	13	6216
4	14	6191
4	15	9420
4	16	8366
4	17	8665
4	18	2782
4	19	3546
4	20	3241
4	21	4737
4	22	3052
4	23	3517
4	24	3423
4	25	1739
4	26	2290
4	27	785
4	28	1760
4	29	1376
4	30	1201
5	0	5749
5	1	6017
5	2	4662
5	3	5367
5	4	6055
5	5	0
5	6	8700
5	7	7752
5	8	6949
5	9	6693
5	10	6708
5	11	6656
5	12	6590
5	13	6410
5	14	8153
5	15	9268
5	16	8199
5	17	8661
5	18	2642
5	19	2967
5	20	3086
5	21	3924
5	22	3219
5	23	3725
5	24	3723
5	25	1905
5	26	2044
5	27	749
5	28	1926
5	29	1306
5	30	1287
6	0	5728
6	1	6510
6	2	6086
6	3	7018
6	4	8115
6	5	8700
6	6	0
6	7	10285
6	8	9650
6	9	9487
6	10	8741
6	11	8820
6	12	7199
6	13	7922
6	14	8353
6	15	11162
6	16	10266
6	17	11082
6	18	3314
6	19	3941
6	20	3679
6	21	5405
6	22	3533
6	23	4057
6	24	3937
6	25	1985
6	26	2607
6	27	837
6	28	1834
6	29	1570
6	30	1338
7	0	5984
7	1	7047
7	2	6247
7	3	6722
7	4	8667
7	5	7752
7	6	10285
7	7	0
7	8	9561
7	9	8856
7	10	8230
7	11	8384
7	12	6406
7	13	7526
7	14	6695
7	15	12754
7	16	9653
7	17	12224
7	18	3460
7	19	4240
7	20	4262
7	21	5669
7	22	3921
7	23	4493
7	24	4327
7	25	2640
7	26	2788
7	27	995
7	28	2188
7	29	1577
7	30	1605
8	0	5569
8	1	6030
8	2	6482
8	3	6510
8	4	7492
8	5	6949
8	6	9650
8	7	9561
8	8	0
8	9	8396
8	10	7782
8	11	8127
8	12	6387
8	13	7079
8	14	7001
8	15	10499
8	16	9774
8	17	11543
8	18	3700
8	19	4392
8	20	4029
8	21	5589
8	22	3358
8	23	3698
8	24	3574
8	25	1915
8	26	3124
8	27	945
8	28	1776
8	29	1621
8	30	1385
9	0	6036
9	1	6223
9	2	5120
9	3	5841
9	4	7025
9	5	6693
9	6	9487
9	7	8856
9	8	8396
9	9	0
9	10	9293
9	11	8224
9	12	8948
9	13	7975
9	14	7466
9	15	10179
9	16	9592
9	17	9560
9	18	3092
9	19	3358
9	20	3399
9	21	4909
9	22	3759
9	23	4225
9	24	4029
9	25	2226
9	26	2391
9	27	827
9	28	1635
9	29	1442
9	30	1264
10	0	6393
10	1	6597
10	2	4920
10	3	5708
10	4	7198
10	5	6708
10	6	8741
10	7	8230
10	8	7782
10	9	9293
10	10	0
10	11	8002
10	12	8219
10	13	8121
10	14	7674
10	15	10204
10	16	9585
10	17	9251
10	18	3140
10	19	3232
10	20	3526
10	21	4381
10	22	4177
10	23	4608
10	24	4413
10	25	2514
10	26	2434
10	27	875
10	28	1691
10	29	1439
10	30	1422
11	0	7115
11	1	6641
11	2	5328
11	3	5437
11	4	7060
11	5	6656
11	6	8820
11	7	8384
11	8	8127
11	9	8224
11	10	8002
11	11	0
11	12	7152
11	13	7917
11	14	7284
11	15	10036
11	16	9545
11	17	9214
11	18	3104
11	19	3562
11	20	3852
11	21	4595
11	22	4065
11	23	4546
11	24	4434
11	25	2391
11	26	2366
11	27	905
11	28	1793
11	29	1913
11	30	1484
12	0	7211
12	1	5360
12	2	3718
12	3	4429
12	4	5855
12	5	6590
12	6	7199
12	7	6406
12	8	6387
12	9	8948
12	10	8219
12	11	7152
12	12	0
12	13	8212
12	14	9357
12	15	10241
12	16	9556
12	17	8117
12	18	2539
12	19	2403
12	20	2694
12	21	3422
12	22	4654
12	23	5022
12	24	4804
12	25	2775
12	26	2028
12	27	702
12	28	1372
12	29	1139
12	30	1129
13	0	6710
13	1	6008
13	2	4840
13	3	4869
13	4	6216
13	5	6410
13	6	7922
13	7	7526
13	8	7079
13	9	7975
13	10	8121
13	11	7917
13	12	8212
13	13	0
13	14	7880
13	15	10155
13	16	9568
13	17	8436
13	18	3187
13	19	3121
13	20	3256
13	21	3727
13	22	4634
13	23	5012
13	24	4703
13	25	2747
13	26	2138
13	27	839
13	28	1479
13	29	1287
13	30	1364
14	0	6963
14	1	5292
14	2	4127
14	3	5392
14	4	6191
14	5	8153
14	6	8353
14	7	6695
14	8	7001
14	9	7466
14	10	7674
14	11	7284
14	12	9357
14	13	7880
14	14	0
14	15	10476
14	16	9614
14	17	9424
14	18	2660
14	19	2638
14	20	2755
14	21	3463
14	22	4154
14	23	4596
14	24	4332
14	25	2426
14	26	2151
14	27	664
14	28	1469
14	29	1174
14	30	1176
15	0	7852
15	1	7392
15	2	6268
15	3	7105
15	4	9420
15	5	9268
15	6	11162
15	7	12754
15	8	10499
15	9	10179
15	10	10204
15	11	10036
15	12	10241
15	13	10155
15	14	10476
15	15	0
15	16	13605
15	17	13385
15	18	3612
15	19	4063
15	20	3994
15	21	5383
15	22	4927
15	23	5594
15	24	5342
15	25	2924
15	26	2988
15	27	954
15	28	2068
15	29	1612
15	30	1560
16	0	7666
16	1	6894
16	2	5901
16	3	6116
16	4	8366
16	5	8199
16	6	10266
16	7	9653
16	8	9774
16	9	9592
16	10	9585
16	11	9545
16	12	9556
16	13	9568
16	14	9614
16	15	13605
16	16	0
16	17	11384
16	18	3367
16	19	3764
16	20	3875
16	21	4993
16	22	4983
16	23	5532
16	24	5256
16	25	2926
16	26	2715
16	27	922
16	28	1827
16	29	1539
16	30	1512
17	0	6815
17	1	7081
17	2	6861
17	3	7708
17	4	8665
17	5	8661
17	6	11082
17	7	12224
17	8	11543
17	9	9560
17	10	9251
17	11	9214
17	12	8117
17	13	8436
17	14	9424
17	15	13385
17	16	11384
17	17	0
17	18	4002
17	19	4524
17	20	4356
17	21	6148
17	22	3997
17	23	4477
17	24	4342
17	25	2411
17	26	3195
17	27	1003
17	28	2135
17	29	1735
17	30	1574
18	0	2386
18	1	2580
18	2	3169
18	3	2829
18	4	2782
18	5	2642
18	6	3314
18	7	3460
18	8	3700
18	9	3092
18	10	3140
18	11	3104
18	12	2539
18	13	3187
18	14	2660
18	15	3612
18	16	3367
18	17	4002
18	18	0
18	19	2585
18	20	1963
18	21	2507
18	22	1512
18	23	1535
18	24	1574
18	25	882
18	26	1778
18	27	654
18	28	788
18	29	1026
18	30	719
19	0	2273
19	1	2826
19	2	4809
19	3	2952
19	4	3546
19	5	2967
19	6	3941
19	7	4240
19	8	4392
19	9	3358
19	10	3232
19	11	3562
19	12	2403
19	13	3121
19	14	2638
19	15	4063
19	16	3764
19	17	4524
19	18	2585
19	19	0
19	20	2098
19	21	3325
19	22	1457
19	23	1506
19	24	1591
19	25	822
19	26	1752
19	27	612
19	28	973
19	29	994
19	30	723
20	0	3217
20	1	3709
20	2	2985
20	3	2740
20	4	3241
20	5	3086
20	6	3679
20	7	4262
20	8	4029
20	9	3399
20	10	3526
20	11	3852
20	12	2694
20	13	3256
20	14	2755
20	15	3994
20	16	3875
20	17	4356
20	18	1963
20	19	2098
20	20	0
20	21	2532
20	22	2370
20	23	2563
20	24	2529
20	25	1437
20	26	1455
20	27	776
20	28	995
20	29	1050
20	30	1267
21	0	2824
21	1	3631
21	2	4584
21	3	3796
21	4	4737
21	5	3924
21	6	5405
21	7	5669
21	8	5589
21	9	4909
21	10	4381
21	11	4595
21	12	3422
21	13	3727
21	14	3463
21	15	5383
21	16	4993
21	17	6148
21	18	2507
21	19	3325
21	20	2532
21	21	0
21	22	1642
21	23	1802
21	24	1840
21	25	930
21	26	2047
21	27	618
21	28	1314
21	29	1207
21	30	913
22	0	4999
22	1	3812
22	2	2099
22	3	2313
22	4	3052
22	5	3219
22	6	3533
22	7	3921
22	8	3358
22	9	3759
22	10	4177
22	11	4065
22	12	4654
22	13	4634
22	14	4154
22	15	4927
22	16	4983
22	17	3997
22	18	1512
22	19	1457
22	20	2370
22	21	1642
22	22	0
22	23	4402
22	24	4189
22	25	2725
22	26	1133
22	27	750
22	28	1006
22	29	757
22	30	1156
23	0	4917
23	1	4183
23	2	2275
23	3	2497
23	4	3517
23	5	3725
23	6	4057
23	7	4493
23	8	3698
23	9	4225
23	10	4608
23	11	4546
23	12	5022
23	13	5012
23	14	4596
23	15	5594
23	16	5532
23	17	4477
23	18	1535
23	19	1506
23	20	2563
23	21	1802
23	22	4402
23	23	0
23	24	6376
23	25	2968
23	26	1122
23	27	708
23	28	1311
23	29	773
23	30	1220
24	0	4855
24	1	4134
24	2	2314
24	3	2463
24	4	3423
24	5	3723
24	6	3937
24	7	4327
24	8	3574
24	9	4029
24	10	4413
24	11	4434
24	12	4804
24	13	4703
24	14	4332
24	15	5342
24	16	5256
24	17	4342
24	18	1574
24	19	1591
24	20	2529
24	21	1840
24	22	4189
24	23	6376
24	24	0
24	25	2779
24	26	1189
24	27	727
24	28	1419
24	29	817
24	30	1176
25	0	2960
25	1	2209
25	2	1205
25	3	1365
25	4	1739
25	5	1905
25	6	1985
25	7	2640
25	8	1915
25	9	2226
25	10	2514
25	11	2391
25	12	2775
25	13	2747
25	14	2426
25	15	2924
25	16	2926
25	17	2411
25	18	882
25	19	822
25	20	1437
25	21	930
25	22	2725
25	23	2968
25	24	2779
25	25	0
25	26	674
25	27	508
25	28	606
25	29	463
25	30	788
26	0	1805
26	1	1912
26	2	2182
26	3	2324
26	4	2290
26	5	2044
26	6	2607
26	7	2788
26	8	3124
26	9	2391
26	10	2434
26	11	2366
26	12	2028
26	13	2138
26	14	2151
26	15	2988
26	16	2715
26	17	3195
26	18	1778
26	19	1752
26	20	1455
26	21	2047
26	22	1133
26	23	1122
26	24	1189
26	25	674
26	26	0
26	27	525
26	28	594
26	29	894
26	30	572
27	0	834
27	1	855
27	2	732
27	3	776
27	4	785
27	5	749
27	6	837
27	7	995
27	8	945
27	9	827
27	10	875
27	11	905
27	12	702
27	13	839
27	14	664
27	15	954
27	16	922
27	17	1003
27	18	654
27	19	612
27	20	776
27	21	618
27	22	750
27	23	708
27	24	727
27	25	508
27	26	525
27	27	0
27	28	267
27	29	354
27	30	453
28	0	1509
28	1	2112
28	2	1394
28	3	1230
28	4	1760
28	5	1926
28	6	1834
28	7	2188
28	8	1776
28	9	1635
28	10	1691
28	11	1793
28	12	1372
28	13	1479
28	14	1469
28	15	2068
28	16	1827
28	17	2135
28	18	788
28	19	973
28	20	995
28	21	1314
28	22	1006
28	23	1311
28	24	1419
28	25	606
28	26	594
28	27	267
28	28	0
28	29	417
28	30	410
29	0	1276
29	1	1362
29	2	1326
29	3	1373
29	4	1376
29	5	1306
29	6	1570
29	7	1577
29	8	1621
29	9	1442
29	10	1439
29	11	1913
29	12	1139
29	13	1287
29	14	1174
29	15	1612
29	16	1539
29	17	1735
29	18	1026
29	19	994
29	20	1050
29	21	1207
29	22	757
29	23	773
29	24	817
29	25	463
29	26	894
29	27	354
29	28	417
29	29	0
29	30	450
30	0	1414
30	1	1482
30	2	1040
30	3	1038
30	4	1201
30	5	1287
30	6	1338
30	7	1605
30	8	1385
30	9	1264
30	10	1422
30	11	1484
30	12	1129
30	13	1364
30	14	1176
30	15	1560
30	16	1512
30	17	1574
30	18	719
30	19	723
30	20	1267
30	21	913
30	22	1156
30	23	1220
30	24	1176
30	25	788
30	26	572
30	27	453
30	28	410
30	29	450
30	30	0
